1.007120
0.993595
0.980915
0.969347
0.959106
0.950354
0.943208
0.937738
0.933976
0.931918
0.931527
0.932737
0.935460
0.939582
0.944975
0.951497
0.958992
0.967300
0.976254
0.985685
0.995425
1.005311
1.015182
1.024887
1.034282
1.043237
1.051630
1.059355
1.066319
1.072445
1.077670
1.081947
1.085247
1.087554
1.088869
1.089208
1.088601
1.087093
1.084743
1.081618
1.077801
1.073381
1.068457
1.063137
1.057531
1.051756
1.045931
1.040176
1.034611
1.029356
1.024523
1.020225
1.016565
1.013640
1.011538
1.010337
1.010103
1.010893
1.012747
1.015694
1.019749
1.024911
1.031165
1.038480
1.046811
1.056096
1.066262
1.077219
1.088864
1.101084
1.113751
1.126729
1.139873
1.153030
1.166043
1.178749
1.190984
1.202584
1.213386
1.223235
1.231977
1.239472
1.245588
1.250207
1.253225
1.254559
1.254141
1.251929
1.247899
1.242055
1.234425
1.225062
1.214047
1.201486
1.187512
1.172282
1.155976
1.138795
1.120958
1.102695
