0.953629
0.965372
0.975361
0.983701
0.990504
0.995881
0.999948
1.002819
1.004609
1.005434
1.005408
1.004645
1.003256
1.001351
0.999036
0.996416
0.993590
0.990656
0.987705
0.984825
0.982100
0.979609
0.977423
0.975610
0.974234
0.973350
0.973009
0.973255
0.974129
0.975661
0.977880
0.980807
0.984456
0.988836
0.993951
0.999799
1.006372
1.013656
1.021634
1.030283
1.039573
1.049473
1.059945
1.070948
1.082438
1.094366
1.106681
1.119327
1.132248
1.145384
1.158673
1.172054
1.185461
1.198829
1.212092
1.225184
1.238038
1.250590
1.262773
1.274525
1.285782
1.296483
1.306571
1.315987
1.324680
1.332597
1.339690
1.345916
1.351234
1.355607
1.359001
1.361389
1.362746
1.363053
1.362295
1.360462
1.357548
1.353554
1.348483
1.342345
1.335155
1.326931
1.317698
1.307485
1.296324
1.284253
1.271312
1.257548
1.243010
1.227749
1.211821
1.195283
1.178195
1.160619
1.142618
1.124255
1.105594
1.086699
1.067632
1.048454
