0.227552
0.008928
0.006218
0.004637
0.004024
0.002877
0.002653
0.002306
0.002141
0.001915
0.001547
0.001599
0.001578
0.001717
0.001621
0.001778
0.001821
0.001590
0.001776
0.001935
0.002057
0.002032
0.002371
0.002015
0.001438
0.001330
0.000976
0.001112
0.000958
0.000749
0.000877
0.000413
0.000455
0.000516
0.000491
0.000447
0.000389
0.000540
0.000608
0.000487
0.000333
0.000561
0.000540
0.000618
0.000346
0.000643
0.000718
0.000292
0.000328
0.000702
0.000492
0.000384
0.000458
0.000442
0.000458
0.000368
0.000390
0.000547
0.000378
0.000376
0.000404
0.000528
0.000488
0.000334
0.000491
0.000446
0.000435
0.000411
0.000384
0.000489
0.000467
0.000378
0.000399
0.000388
0.000398
0.000337
0.000511
0.000550
0.000772
0.001018
0.002862
0.002067
0.001856
0.001309
0.001406
0.001308
0.001773
0.001461
0.002114
0.005611
0.181152
0.010742
0.008071
0.007358
0.007265
0.007091
0.006079
0.006846
0.005237
0.004644
0.004328
0.004065
0.003337
0.003083
0.003250
0.003300
0.002481
0.002403
0.001978
0.002839
0.002790
0.002115
0.002357
0.001895
0.002421
0.002739
0.002368
0.002160
0.002561
0.002889
0.002581
0.002357
0.002216
0.003094
0.002525
0.002261
0.002175
0.002928
0.003583
0.003241
0.002815
0.003909
0.003060
0.002028
0.002684
0.003175
0.002516
0.002618
0.003621
0.004305
0.004109
0.003825
0.004402
0.004685
0.005136
0.005623
0.005268
0.004237
0.004914
0.004829
0.005589
0.005526
0.005701
0.006373
0.009567
0.010685
0.010568
0.012571
0.011856
0.009616
0.008579
0.008606
0.008400
0.007011
0.006927
0.007343
0.005942
0.006282
0.006509
0.006447
0.006770
0.005939
0.006280
0.007892
0.007455
0.007767
0.009914
0.010494
0.012902
0.018682
0.000000
