0.006215
0.005285
0.003250
0.003093
0.003669
0.002551
0.002439
0.002452
0.002316
0.001968
0.001709
0.002017
0.001833
0.001905
0.001763
0.002042
0.002174
0.002471
0.001404
0.001318
0.000998
0.000885
0.000983
0.000782
0.000741
0.000909
0.001198
0.001149
0.001050
0.001080
0.000946
0.001009
0.000831
0.000909
0.001093
0.001025
0.000891
0.000860
0.000910
0.000978
0.001021
0.000986
0.001162
0.001009
0.001198
0.001358
0.001167
0.001299
0.001597
0.001860
0.002048
0.002094
0.002482
0.003601
0.003767
0.004122
0.004289
0.003750
0.002901
0.002884
0.003376
0.002947
0.002709
0.002938
0.003678
0.002034
0.002221
0.002311
0.002218
0.001925
0.002156
0.002536
0.001855
0.002367
0.003293
0.003215
0.003963
0.004508
0.003649
0.003955
0.006843
0.005219
0.004691
0.004925
0.004503
0.007355
0.006408
0.005794
0.005370
0.008653
0.015191
0.011083
0.015468
0.015370
0.014906
0.013601
0.012758
0.012283
0.009802
0.010123
0.007034
0.005285
0.004206
0.004802
0.004496
0.004691
0.003763
0.004056
0.003887
0.003691
0.003877
0.003843
0.004178
0.004450
0.004335
0.005357
0.005766
0.006601
0.006154
0.006208
0.005951
0.006156
0.005192
0.005123
0.005431
0.005251
0.005124
0.005120
0.005221
0.005404
0.004958
0.004757
0.005286
0.005090
0.005261
0.006516
0.006116
0.005680
0.005568
0.005615
0.005930
0.006171
0.006384
0.006584
0.006799
0.006585
0.006997
0.008162
0.007715
0.009123
0.016673
0.018210
0.017797
0.015867
0.013622
0.016055
0.014006
0.015006
0.017615
0.016877
0.014542
0.013900
0.010840
0.010747
0.008703
0.011073
0.010486
0.008511
0.008166
0.008144
0.009578
0.010942
0.009861
0.010103
0.009739
0.010810
0.010790
0.010502
0.006256
0.004726
0.000000
